,mean,std,skew,kurtosis
q24m,3.0524301569077688,0.9888031040485935,0.12019655552059864,-0.35804961714272654
q24o,2.8921546115575967,1.0290872926161485,0.30129576697304306,-0.3279920679692685
q53b,2.580788365862993,1.015758334380478,0.7151597574191709,-0.06278568639607895
q53c,2.7190202831993875,1.040055239139346,0.5106373462189249,-0.3975766425401184
q58a,2.2077305778798317,0.9741067167220263,0.9010239286205932,0.6251635806707743
q58b,2.294756984309223,1.0905810506202733,0.8148110458932079,0.05257955737594955
q58c,2.187294297742059,1.0622355531079473,0.9055488661761557,0.3374463024808865
q58d,2.3060084194412553,1.0571751439508215,0.7440290448170752,0.08013428266478195
q58e,2.3262150784538846,1.1081888914249685,0.7724615425106917,-0.06143179111174524
q58f,2.3101415996938384,1.040268018527256,0.7613578032693635,0.17016876167873995
q58g,2.4700344431687715,1.1412262317528135,0.6145247389443608,-0.3451046551182264
q58h,2.4516647531572904,1.1010532691758161,0.6166683081795764,-0.21720932186789543
q58i,2.464523536165327,1.1395914203133954,0.6382944627567112,-0.3088439941956276
q58j,2.292460773057788,1.0416725514237586,0.8015102758114968,0.32797748092945334
q64c,2.4416379640260235,0.885765025622597,0.7208839777348317,0.6174962429262627
q67c,2.2166858017604287,0.9430979529552416,0.9537074627100892,0.8998017927213016
q67d,2.767393800229621,1.005880967935493,0.39903239847308924,-0.18329298401104444
q67e,2.5619594336012246,1.046605842929823,0.6928429775464511,-0.06657128059256623
